Time: 562246.1815538623
Lost: 39870
Received: 100000
Load: 139870
Lambda: 0.248770030973702
Tput: 0.7149495960534782
Theoretical Tput: 0.15163266492815836