Time: 367200.08894934977
Lost: 83563
Received: 100000
Load: 183563
Lambda: 0.49989911637880896
Tput: 0.5447720945942265
Theoretical Tput: 0.18393972058572117