Time: 319260.91097364004
Lost: 139422
Received: 100000
Load: 239422
Lambda: 0.7499258185721585
Tput: 0.41767256141875014
Theoretical Tput: 0.16734762011132237