Time: 295797.95126419
Lost: 195623
Received: 100000
Load: 295623
Lambda: 0.9994085447061337
Tput: 0.33826867327643656
Theoretical Tput: 0.1353352832366127