Time: 288092.6953728977
Lost: 259667
Received: 100000
Load: 359667
Lambda: 1.2484419278123622
Tput: 0.27803496011588497
Theoretical Tput: 0.1026062482798735