Time: 298494.0106669709
Lost: 347261
Received: 100000
Load: 447261
Lambda: 1.4983918739294506
Tput: 0.22358309801212267
Theoretical Tput: 0.07468060255179591