Time: 307996.27269883186
Lost: 438173
Received: 100000
Load: 538173
Lambda: 1.747336080674723
Tput: 0.18581385539594145
Theoretical Tput: 0.052845420989057375