Time: 316829.1968121352
Lost: 533478
Received: 100000
Load: 633478
Lambda: 1.9994306281552157
Tput: 0.1578586785965732
Theoretical Tput: 0.03663127777746836