Time: 346886.71694473416
Lost: 680970
Received: 100000
Load: 780970
Lambda: 2.25136899699859
Tput: 0.1280458916475665
Theoretical Tput: 0.02499524221104519