Time: 364186.4125344056
Lost: 809543
Received: 100000
Load: 909543
Lambda: 2.497465497601653
Tput: 0.10994532419028018
Theoretical Tput: 0.01684486749771367